batsmen,bowler,0s,1s,2s,3s,4s,5s,6s,balls,wickets
0,1,963,1113,437,104,570,34,495,3716,398
0,2,50,52,25,2,33,0,28,190,18
0,4,571,607,253,56,321,20,277,2105,223
0,5,138,191,75,15,102,4,84,609,69
0,6,8,2,3,1,4,0,1,19,1
1,1,8,1,0,0,0,0,0,9,3
1,4,5,2,0,0,0,0,0,7,1
1,5,3,0,0,0,0,0,0,3,1
2,1,588,728,274,48,340,57,283,2318,224
2,2,49,40,26,2,26,4,25,172,15
2,4,382,414,173,26,185,31,171,1382,140
2,5,114,113,42,7,70,12,53,411,41
2,6,4,4,1,0,1,0,1,11,1
3,5,0,1,0,0,1,0,0,2,0
4,1,23,32,0,0,12,0,1,68,13
4,2,3,1,0,0,0,0,0,4,1
4,4,16,20,0,0,3,0,1,40,6
4,5,6,6,0,0,5,0,0,17,5
5,1,102,76,25,0,40,4,7,254,39
5,2,4,1,0,0,0,0,0,5,1
5,4,40,44,11,0,14,0,1,110,16
5,5,10,6,3,0,2,0,1,22,5
5,6,1,1,1,0,1,0,0,4,1
6,1,1014,1176,444,75,579,16,440,3744,333
6,2,60,80,30,3,39,2,29,243,23
6,4,620,753,242,42,309,12,241,2219,191
6,5,189,182,77,13,119,5,74,659,67
