batsmen,bowler,delivery,0s,1s,2s,3s,4s,5s,6s
0,1,1,281,296,232,70,239,23,217
0,1,2,274,297,239,66,248,25,233
0,1,3,271,290,235,65,248,26,225
0,1,4,283,314,254,67,266,23,244
0,1,5,272,275,232,63,244,25,222
0,1,6,278,302,241,74,247,26,228
0,1,7,68,70,59,22,67,7,60
0,1,8,13,11,7,4,8,0,7
0,1,9,3,2,2,1,2,0,2
0,2,1,14,13,10,1,11,0,10
0,2,2,15,14,12,1,12,0,10
0,2,3,18,18,16,1,18,0,13
0,2,4,15,14,12,1,13,0,9
0,2,5,13,12,11,0,15,0,10
0,2,6,17,17,14,2,16,0,12
0,2,7,5,5,4,1,4,0,4
0,2,8,1,1,1,0,1,0,1
0,4,1,145,148,111,32,119,12,112
0,4,2,166,170,127,38,138,10,128
0,4,3,162,166,120,34,135,13,119
0,4,4,151,166,122,36,136,14,127
0,4,5,170,171,130,33,144,14,132
0,4,6,170,173,135,36,148,16,134
0,4,7,39,40,34,9,34,2,29
0,4,8,2,2,1,0,1,0,1
0,5,1,44,45,40,5,40,2,39
0,5,2,47,55,42,11,42,2,41
0,5,3,50,53,42,10,44,4,42
0,5,4,49,51,39,8,45,4,40
0,5,5,48,52,39,10,44,4,41
0,5,6,53,58,47,13,50,4,48
0,5,7,11,13,10,3,10,2,9
0,6,2,1,1,1,1,2,0,1
0,6,4,1,1,1,1,2,0,1
1,1,1,2,0,0,0,0,0,0
1,1,2,1,0,0,0,0,0,0
1,1,3,1,0,0,0,0,0,0
1,1,4,1,0,0,0,0,0,0
1,1,5,1,0,0,0,0,0,0
1,1,6,2,1,0,0,0,0,0
1,4,1,0,1,0,0,0,0,0
1,4,3,1,1,0,0,0,0,0
1,4,4,2,1,0,0,0,0,0
1,4,5,2,2,0,0,0,0,0
1,4,6,1,1,0,0,0,0,0
1,5,1,1,0,0,0,0,0,0
1,5,2,1,0,0,0,0,0,0
1,5,3,1,0,0,0,0,0,0
2,1,1,181,196,152,34,151,41,145
2,1,2,175,185,142,35,143,38,140
2,1,3,168,184,143,31,142,41,132
2,1,4,174,182,145,29,151,39,136
2,1,5,187,202,153,34,156,44,144
2,1,6,162,168,136,31,138,38,131
2,1,7,43,42,33,10,36,11,33
2,1,8,9,8,7,3,7,0,7
2,1,9,1,1,1,1,1,1,1
2,2,1,13,15,14,2,16,2,12
2,2,2,12,15,13,1,15,4,12
2,2,3,12,10,10,2,13,2,9
2,2,4,11,12,9,1,11,3,7
2,2,5,16,19,13,2,14,3,11
2,2,6,16,17,14,2,14,4,12
2,2,7,6,4,4,0,4,2,3
2,4,1,118,120,93,20,93,23,90
2,4,2,110,115,84,16,83,19,81
2,4,3,125,125,96,20,94,23,91
2,4,4,111,119,94,17,89,22,87
2,4,5,116,116,94,19,89,21,85
2,4,6,97,96,82,17,79,21,77
2,4,7,18,21,17,2,17,3,14
2,4,8,3,3,3,1,3,0,2
2,5,1,36,30,30,5,32,6,26
2,5,2,31,32,26,5,29,9,26
2,5,3,32,33,28,4,29,8,27
2,5,4,33,30,27,5,30,6,28
2,5,5,33,32,28,5,31,7,27
2,5,6,30,29,25,4,24,5,25
2,5,7,6,6,5,1,4,2,5
2,5,8,1,1,1,0,1,1,1
2,5,9,3,2,2,0,2,2,2
2,6,1,2,1,1,0,1,0,1
2,6,2,2,1,1,0,1,0,1
2,6,3,2,1,1,0,1,0,1
2,6,5,2,1,1,0,1,0,1
2,6,6,2,1,1,0,1,0,1
3,5,5,0,1,0,0,0,0,0
3,5,7,0,1,0,0,1,0,0
4,1,1,7,9,0,0,2,0,1
4,1,2,5,5,0,0,4,0,1
4,1,3,6,6,0,0,1,0,0
4,1,4,10,10,0,0,4,0,0
4,1,5,7,7,0,0,4,0,0
4,1,6,7,6,0,0,3,0,0
4,2,3,1,0,0,0,0,0,0
4,2,4,1,0,0,0,0,0,0
4,2,5,1,0,0,0,0,0,0
4,2,6,1,1,0,0,0,0,0
4,4,1,4,6,0,0,1,0,1
4,4,2,3,4,0,0,2,0,1
4,4,3,5,6,0,0,1,0,1
4,4,4,5,4,0,0,0,0,0
4,4,5,4,4,0,0,0,0,0
4,4,6,7,6,0,0,1,0,1
4,4,7,1,1,0,0,0,0,0
4,5,1,1,1,0,0,1,0,0
4,5,2,2,2,0,0,2,0,0
4,5,4,2,2,0,0,2,0,0
4,5,5,2,2,0,0,2,0,0
4,5,6,4,3,0,0,3,0,0
4,5,7,1,1,0,0,1,0,0
5,1,1,24,19,8,0,16,1,2
5,1,2,31,26,12,0,20,0,3
5,1,3,24,23,13,0,19,0,3
5,1,4,19,17,9,0,13,2,3
5,1,5,24,22,14,0,18,2,4
5,1,6,27,26,12,0,19,3,5
5,1,7,6,7,4,0,5,2,1
5,1,8,2,2,0,0,2,0,1
5,2,1,1,0,0,0,0,0,0
5,2,2,1,1,0,0,0,0,0
5,2,5,1,1,0,0,0,0,0
5,2,6,1,1,0,0,0,0,0
5,4,1,7,8,4,0,5,0,1
5,4,2,10,10,7,0,8,0,1
5,4,3,15,13,8,0,11,0,1
5,4,4,12,12,7,0,9,0,0
5,4,5,12,11,6,0,10,0,1
5,4,6,14,13,4,0,7,0,0
5,4,7,2,3,2,0,2,0,0
5,5,3,2,3,2,0,1,0,1
5,5,4,2,2,2,0,2,0,1
5,5,5,1,1,1,0,1,0,0
5,5,6,1,1,1,0,1,0,0
5,6,2,1,1,1,0,0,0,0
5,6,3,1,1,1,0,0,0,0
5,6,4,1,1,1,0,1,0,0
5,6,5,1,1,1,0,1,0,0
6,1,1,277,308,232,52,249,11,231
6,1,2,275,325,233,58,256,13,238
6,1,3,278,316,238,54,255,10,240
6,1,4,267,291,228,56,251,11,228
6,1,5,284,316,245,64,273,15,249
6,1,6,279,296,236,62,261,13,237
6,1,7,66,67,57,19,60,2,58
6,1,8,9,11,10,4,9,0,9
6,1,9,1,1,1,1,1,0,1
6,2,1,19,22,18,2,19,2,15
6,2,2,18,20,15,1,18,1,15
6,2,3,18,18,15,2,16,2,11
6,2,4,19,20,16,1,20,1,15
6,2,5,16,20,14,1,18,1,13
6,2,6,16,17,13,1,16,1,13
6,2,7,7,6,6,3,5,2,5
6,2,8,2,3,3,1,2,1,2
6,2,9,1,1,1,0,2,0,1
6,4,1,168,180,127,33,134,10,126
6,4,2,170,184,139,32,141,10,133
6,4,3,174,180,139,34,141,11,131
6,4,4,172,184,135,33,144,9,131
6,4,5,166,178,133,32,136,11,132
6,4,6,161,195,137,29,145,9,133
6,4,7,37,48,33,8,33,3,29
6,4,8,6,8,6,2,6,0,6
6,4,9,2,2,2,1,2,0,2
6,5,1,50,55,41,12,47,5,41
6,5,2,52,52,40,10,45,5,40
6,5,3,49,55,39,8,46,4,41
6,5,4,50,51,39,10,45,4,37
6,5,5,51,51,41,8,48,3,38
6,5,6,47,53,40,9,45,4,38
6,5,7,12,10,12,3,10,2,8
6,5,8,3,3,2,1,3,0,1
