batsmen,bowler,balls,wickets
6,4,11,0
6,1,4,0
6,4,8,1
6,1,9,1
6,1,6,1
6,4,8,1
6,4,1,1
6,1,6,1
6,1,21,1
6,4,10,1
6,1,13,1
6,1,6,1
6,4,6,1
6,5,1,1
6,1,4,1
6,4,2,1
6,1,12,1
6,4,7,1
6,4,2,1
6,1,2,1
6,1,10,1
6,4,10,2
6,1,4,2
6,1,5,2
6,4,8,2
6,4,12,2
6,5,7,2
6,1,15,2
6,1,4,2
6,1,9,2
6,4,21,2
6,1,7,2
6,4,5,2
6,1,11,2
6,1,14,0
6,4,3,1
6,1,1,1
6,1,5,1
6,1,1,1
6,4,3,1
6,1,2,1
6,4,4,1
6,2,5,1
6,1,11,1
6,1,6,1
6,1,8,1
6,1,17,1
6,1,15,2
6,5,1,2
6,4,3,2
6,4,18,1
6,1,2,1
6,5,11,1
6,1,5,1
6,1,4,1
6,4,3,1
6,4,2,1
6,1,15,1
6,5,9,1
6,1,8,1
6,4,14,1
6,1,3,1
6,4,10,1
6,5,9,1
6,1,16,1
6,1,2,1
6,1,14,1
6,4,14,1
6,5,7,1
6,1,8,1
6,1,17,1
6,1,6,1
6,5,7,1
6,4,6,1
5,1,6,1
5,1,2,1
5,4,1,1
5,6,4,1
6,4,12,0
6,1,13,0
6,4,5,0
6,1,1,0
6,2,17,0
6,5,6,1
6,5,5,1
6,1,4,1
6,4,21,1
6,1,7,1
6,1,4,1
6,2,3,1
6,2,3,1
6,1,17,1
6,1,6,1
6,1,7,1
6,4,1,1
6,5,5,1
6,1,5,1
6,1,4,1
6,4,8,1
6,4,11,1
6,1,13,1
6,1,6,1
6,4,8,1
6,1,1,1
6,1,6,1
6,1,12,1
6,4,33,1
6,1,11,1
6,1,1,1
6,4,8,1
6,1,22,1
6,1,23,2
6,5,1,2
6,4,8,1
6,5,10,1
6,1,7,1
6,1,15,1
6,2,5,1
6,1,5,1
6,1,3,1
6,4,16,1
6,5,2,0
0,4,5,1
0,4,8,1
0,2,10,1
0,1,5,1
0,5,5,1
0,1,1,1
0,1,2,1
0,1,1,1
0,4,2,1
0,4,14,1
0,1,4,1
0,4,8,1
0,1,5,1
0,1,2,1
0,1,5,1
0,4,10,1
0,4,5,1
0,4,3,1
0,5,9,1
0,1,1,1
0,1,4,1
0,4,1,1
0,1,5,1
0,4,5,1
0,1,5,1
0,1,7,1
0,1,7,1
0,1,3,1
0,1,5,1
0,1,7,1
0,1,1,0
0,4,4,1
0,1,1,1
0,5,6,1
0,4,2,1
0,4,2,1
0,1,4,1
0,1,6,1
0,1,2,1
5,1,1,1
5,4,1,1
5,1,5,1
5,4,3,1
5,1,3,1
5,1,5,1
2,5,3,1
2,2,4,1
2,4,5,1
2,1,6,1
2,1,2,1
2,5,4,1
2,1,2,1
2,1,5,1
2,2,2,1
2,4,3,1
2,4,6,1
2,1,4,1
2,1,2,1
2,1,5,1
2,1,2,1
2,4,3,1
2,1,2,1
2,1,1,1
2,4,2,1
5,5,1,0
5,4,1,0
5,1,4,1
5,1,1,1
5,1,2,0
5,4,1,1
0,4,3,0
0,4,3,0
0,1,3,0
0,1,1,0
0,1,2,1
0,1,1,1
0,4,3,1
0,1,1,1
0,1,5,1
0,5,5,1
0,4,3,1
0,1,4,1
0,4,2,1
0,1,2,1
0,1,3,1
0,5,5,1
0,1,8,1
0,4,4,1
0,1,4,1
0,4,5,1
0,1,7,1
0,4,5,1
0,1,4,1
0,1,4,1
0,4,15,1
0,1,3,1
0,1,4,1
0,1,12,1
0,2,9,1
0,4,6,1
0,4,5,1
0,1,1,1
0,4,8,1
0,4,1,1
0,1,1,1
0,4,4,1
0,1,7,1
0,1,3,1
0,5,2,1
0,1,7,1
0,1,4,1
0,1,2,1
0,4,6,1
0,1,8,2
0,1,5,2
0,1,6,2
0,5,1,1
0,4,2,1
4,4,6,0
4,5,3,1
4,1,1,1
4,5,2,1
3,5,2,0
0,1,1,1
0,4,10,1
0,5,7,1
0,1,5,1
0,1,19,1
0,4,1,1
6,1,15,1
6,1,5,1
6,5,3,1
6,4,11,1
6,1,10,1
6,2,9,1
6,4,2,1
6,1,12,1
6,1,19,1
6,4,3,1
6,1,10,1
6,4,7,1
6,5,6,1
6,1,3,1
6,4,6,1
6,4,14,1
6,4,7,1
6,4,1,1
6,1,7,1
6,5,4,1
6,4,18,1
6,1,1,1
6,4,6,1
6,1,6,1
6,1,3,1
6,1,4,1
6,1,12,1
6,4,9,1
6,5,5,1
6,1,9,1
0,4,8,2
0,1,5,2
0,5,12,2
0,1,11,1
0,4,18,1
0,1,8,1
0,1,10,1
0,4,5,1
0,1,3,1
0,1,3,1
0,4,2,1
0,1,12,1
0,1,5,1
0,1,10,1
0,4,10,1
0,4,2,1
0,5,17,1
0,1,5,1
0,4,18,1
0,5,4,1
0,1,11,1
0,1,8,1
0,4,13,1
0,1,10,1
0,1,3,1
0,4,19,1
0,1,9,1
0,1,6,1
0,4,3,1
0,5,8,1
0,1,23,1
0,1,2,1
0,4,5,1
0,1,26,1
0,5,8,1
0,1,14,1
0,1,8,1
0,1,3,1
0,4,21,1
2,4,2,0
2,1,2,0
2,1,1,0
2,1,8,0
2,4,4,0
2,1,2,0
2,4,2,1
0,1,1,1
0,4,5,1
0,1,4,1
0,1,2,1
0,4,1,1
0,1,3,1
0,1,3,1
0,1,4,1
0,4,5,1
0,1,9,0
0,4,8,1
0,2,1,1
0,4,2,1
0,1,5,1
0,1,1,1
0,1,2,1
0,4,3,1
0,1,2,1
0,1,4,1
0,4,4,1
0,4,6,1
0,1,3,1
0,4,5,1
0,1,6,1
0,1,1,1
0,4,1,1
0,1,13,1
0,1,3,1
2,4,16,0
2,2,2,0
2,4,2,0
2,1,10,1
2,4,4,1
2,1,1,1
2,1,15,1
2,1,2,1
2,1,4,1
2,1,2,1
0,4,3,0
0,1,7,0
0,4,1,1
0,1,11,1
0,4,4,1
0,1,2,1
0,1,2,1
2,1,3,0
2,4,4,1
2,5,10,1
2,1,6,1
2,4,8,1
2,1,6,1
2,1,8,1
2,4,4,1
2,1,1,1
2,4,1,1
2,1,3,1
2,1,9,1
2,4,13,1
4,4,2,0
4,4,1,0
4,1,2,0
4,1,1,0
5,2,5,1
5,1,2,1
5,1,2,1
6,4,5,1
6,4,11,1
6,1,3,1
6,2,3,1
6,1,7,1
6,5,6,2
6,1,7,1
6,4,15,1
6,1,2,1
6,1,6,1
6,4,3,1
6,4,10,1
6,1,2,1
6,1,7,1
6,4,10,1
6,1,21,1
6,1,10,1
6,1,22,1
6,4,8,1
6,4,1,1
6,1,3,1
6,5,4,1
6,1,4,1
6,2,12,1
6,4,5,1
6,4,3,1
6,5,6,1
6,1,7,1
6,1,4,1
6,4,10,1
6,4,16,1
6,1,10,1
6,1,3,1
6,1,6,1
6,1,8,1
6,1,5,1
6,4,16,1
6,1,12,1
6,5,3,1
6,1,3,1
6,2,5,1
6,1,5,1
6,1,3,1
6,4,9,1
6,1,4,0
6,1,2,0
6,2,11,0
6,1,3,0
6,1,1,0
6,1,11,1
6,1,4,1
6,4,4,1
6,4,10,1
6,1,3,1
6,1,1,1
6,1,5,1
6,4,5,1
6,1,1,1
6,1,4,1
6,4,2,1
6,1,1,1
6,4,1,1
0,4,7,1
0,1,2,1
0,4,2,1
0,1,6,1
0,1,7,1
0,1,7,1
0,1,3,1
0,1,11,2
0,4,7,1
0,1,13,1
0,1,5,1
0,4,10,1
0,1,6,1
0,4,8,1
0,5,7,1
0,1,5,1
0,4,1,1
0,1,10,1
0,1,4,1
0,4,2,1
0,4,9,1
0,1,7,1
0,5,9,1
0,1,8,1
0,4,1,1
0,1,7,1
0,1,4,1
0,4,1,1
0,4,14,1
0,5,8,1
0,1,3,1
0,1,11,1
0,4,7,1
0,1,4,1
0,4,6,1
0,1,5,1
0,1,6,1
0,1,6,1
0,4,10,1
2,4,6,0
2,1,13,1
2,2,8,1
2,4,12,1
2,1,1,1
2,1,11,1
2,1,2,1
2,1,7,1
2,1,6,1
2,4,10,1
2,4,12,1
2,1,11,1
2,1,10,1
2,4,1,1
2,1,5,1
2,2,4,1
6,4,3,0
6,1,9,0
6,1,7,0
6,1,1,0
6,4,3,1
6,1,3,1
6,4,4,1
6,1,1,1
6,1,4,1
2,4,6,1
2,1,1,1
2,4,12,2
2,1,3,2
2,1,6,1
2,2,11,1
2,1,1,1
2,4,11,1
2,1,3,1
2,4,5,1
2,1,9,1
2,4,9,1
2,5,2,1
2,5,1,1
2,1,10,1
2,4,6,1
2,1,3,1
2,5,8,1
2,4,10,1
2,1,6,1
2,1,11,1
2,4,6,1
2,1,4,1
2,1,1,1
2,1,6,1
2,4,7,1
2,5,3,1
2,1,5,1
2,1,3,1
2,1,5,1
2,4,13,1
0,4,7,0
0,4,8,0
0,4,4,0
0,1,2,0
0,1,5,0
0,1,3,0
0,1,4,0
0,1,2,0
0,1,4,0
0,1,1,0
0,1,11,1
0,1,3,1
0,5,4,1
0,1,5,1
0,4,3,1
0,5,3,1
0,1,4,1
0,4,3,1
5,1,1,0
5,4,1,0
1,1,1,0
1,5,3,1
1,4,2,1
0,4,1,1
0,1,4,1
0,4,7,1
0,1,2,1
0,1,3,1
0,1,10,1
0,1,2,1
0,1,14,1
0,4,1,1
0,1,5,1
0,1,1,1
0,4,6,1
0,1,9,1
0,4,6,1
0,5,7,1
0,1,7,1
0,5,3,1
0,4,2,1
0,5,5,1
0,1,5,1
0,4,6,1
0,1,6,1
0,5,2,1
0,1,5,1
0,4,5,1
0,1,6,1
0,1,5,1
0,4,1,1
0,4,3,1
0,1,5,1
0,4,7,1
0,1,2,1
0,4,3,1
0,5,1,1
0,1,5,1
0,1,1,1
4,1,2,0
4,1,1,1
4,4,1,1
4,1,7,1
4,1,3,0
4,4,6,1
4,1,2,1
4,1,5,1
4,1,2,1
4,5,3,1
4,1,2,1
4,1,3,1
4,1,2,1
4,4,4,1
5,1,2,1
5,4,1,1
5,1,1,1
5,1,1,1
5,1,6,1
5,4,1,1
5,5,3,1
5,1,4,1
0,4,5,1
0,1,3,1
0,4,13,1
0,1,5,1
0,2,10,1
0,1,22,1
0,4,2,1
0,4,4,1
0,2,14,1
0,1,6,1
0,4,13,1
0,1,8,1
0,1,15,1
0,4,7,1
0,1,8,1
0,1,4,1
0,1,16,1
0,1,6,1
0,2,1,1
0,5,11,1
0,4,11,1
0,4,12,1
0,5,7,1
0,1,7,1
0,4,21,2
0,1,2,2
0,1,2,2
0,5,4,2
0,1,7,2
0,4,6,2
0,1,19,2
0,1,12,2
0,1,3,2
0,5,5,2
0,1,6,2
0,1,9,2
0,1,7,2
0,1,2,1
0,4,9,1
0,1,4,1
0,1,2,1
0,5,4,1
0,4,6,1
2,4,6,0
2,1,10,0
2,2,8,0
2,1,2,0
2,5,5,0
2,1,17,0
2,4,10,0
2,1,17,0
2,2,1,0
2,1,8,1
2,1,15,1
2,4,3,1
2,1,13,1
2,1,16,1
2,1,27,1
2,4,26,1
2,5,23,1
2,1,13,1
2,1,3,1
2,2,4,1
2,6,6,1
2,4,15,1
2,4,20,1
2,4,5,1
2,5,3,1
2,1,5,1
2,5,8,1
2,4,6,2
2,4,12,2
2,1,2,2
2,4,7,2
2,1,8,2
2,4,19,2
2,5,7,2
2,1,12,1
2,1,12,1
2,1,3,1
2,4,10,1
0,4,17,0
0,1,1,0
0,4,7,1
0,1,3,1
0,2,4,1
0,5,7,1
0,1,6,1
0,2,7,1
0,2,2,1
0,1,37,1
0,1,4,1
0,4,14,1
0,1,5,1
0,1,9,1
0,1,8,1
0,1,8,1
0,1,6,1
0,1,19,1
0,4,9,1
0,1,11,1
0,5,10,1
0,1,25,1
0,6,2,1
0,4,1,1
0,4,3,1
0,1,12,1
0,1,10,1
0,1,4,1
0,4,11,1
0,1,14,1
0,1,12,1
0,1,24,1
0,5,7,1
0,1,13,1
0,1,27,2
0,4,11,2
0,4,15,2
0,5,13,2
0,1,13,2
0,1,19,1
0,2,1,1
0,4,22,1
2,4,20,0
2,1,3,1
2,2,5,1
2,1,1,1
2,5,4,1
2,1,6,1
2,4,4,1
2,4,3,1
2,4,17,2
2,4,6,2
2,1,5,2
2,4,3,1
2,5,2,1
2,1,2,1
2,2,7,1
2,4,3,1
2,4,3,1
2,5,5,1
2,1,2,1
2,1,8,1
2,4,7,1
2,1,10,1
2,1,10,1
2,1,10,1
2,4,7,1
2,1,8,1
2,1,3,1
2,1,4,1
2,1,5,1
2,4,8,1
2,1,4,0
2,1,5,0
2,4,7,0
6,4,4,0
6,1,5,0
6,1,9,0
6,1,7,0
6,1,8,1
6,1,2,1
6,1,5,1
6,4,6,1
6,5,9,1
6,1,7,1
6,4,10,1
6,1,1,1
6,4,1,1
6,1,9,1
6,1,2,1
6,1,10,1
6,4,3,1
0,1,2,0
0,4,2,0
0,1,2,1
0,1,4,1
0,2,5,1
0,1,3,1
0,1,4,1
0,1,3,1
0,5,2,1
0,5,2,1
0,1,2,1
0,4,2,1
0,1,3,1
0,5,5,1
0,1,1,1
0,1,2,1
0,1,3,1
0,4,3,1
0,5,5,1
0,1,4,1
0,1,4,0
0,4,9,0
0,1,6,0
0,1,7,0
0,1,2,0
0,2,5,0
0,4,10,0
0,4,2,0
0,1,7,1
0,4,5,1
0,5,12,1
0,4,1,1
0,5,6,1
0,1,12,1
0,4,1,1
0,1,1,1
0,5,4,1
0,4,5,1
0,1,2,1
0,4,3,1
0,4,4,1
0,1,12,1
0,1,9,1
0,4,4,1
0,5,4,1
0,1,4,1
0,1,5,1
0,4,6,1
5,1,3,0
5,1,5,1
5,4,5,1
5,4,5,1
5,1,4,1
6,4,13,0
6,4,13,0
6,2,7,0
6,5,1,0
6,1,3,0
6,4,8,0
6,1,3,0
6,1,5,0
6,2,5,0
6,1,4,0
6,1,3,0
6,1,5,0
6,1,9,0
6,1,8,0
6,4,9,0
6,1,5,0
6,1,16,0
6,4,9,1
6,4,1,1
6,1,13,1
6,1,14,1
6,4,8,1
6,1,14,1
6,1,8,1
6,1,9,1
6,4,11,1
6,1,14,1
6,1,2,1
6,4,6,1
6,4,3,1
6,1,2,1
6,4,1,1
6,1,14,1
6,5,2,1
6,4,16,1
6,1,12,1
6,1,4,1
6,4,15,1
5,4,3,0
5,1,6,0
5,4,4,0
5,4,4,0
5,1,4,1
2,1,2,1
2,4,1,1
2,1,3,1
2,1,8,1
2,4,6,1
2,4,3,1
2,4,2,1
2,4,6,1
2,1,2,1
2,1,1,1
2,4,7,0
2,1,9,1
2,4,8,1
2,1,3,1
2,1,1,1
2,4,4,1
2,4,6,1
2,4,4,1
2,1,6,1
2,1,5,1
2,4,3,1
2,1,2,1
2,1,4,1
2,1,6,1
2,5,4,1
2,1,7,1
2,1,5,1
2,4,5,1
2,4,2,1
2,1,4,1
2,4,3,1
2,4,2,1
2,4,5,1
2,1,2,1
2,1,12,1
2,4,7,1
2,1,6,1
2,1,7,1
2,4,6,1
2,1,7,1
2,4,7,1
2,1,5,1
6,4,2,0
6,1,7,0
6,4,23,0
6,1,9,1
6,2,2,1
6,5,10,1
6,1,4,1
6,2,6,1
6,1,5,1
6,4,4,1
6,1,2,1
6,1,3,1
6,1,3,1
6,1,2,1
6,4,2,1
6,5,4,1
6,1,4,1
6,1,7,1
6,4,4,1
6,4,6,1
6,1,4,1
6,1,11,1
6,1,9,1
6,4,24,1
6,1,2,1
6,5,7,1
6,1,22,1
6,1,8,1
6,1,6,1
6,4,10,1
6,5,13,1
6,1,3,1
6,1,3,1
6,4,11,1
0,5,2,0
0,1,2,0
0,4,4,0
0,1,6,0
0,1,2,0
0,1,10,1
0,1,13,1
0,4,9,1
0,5,1,1
0,2,2,1
0,1,1,1
0,1,5,1
0,4,4,1
0,1,4,1
0,1,7,1
0,4,2,1
2,1,1,1
2,2,6,1
2,1,4,1
2,5,4,1
2,1,2,1
2,4,2,1
2,2,4,1
2,2,3,1
2,4,6,1
2,1,4,1
2,1,1,1
2,4,2,1
2,1,2,1
2,4,1,1
2,2,5,1
2,5,3,1
2,1,1,1
2,4,5,1
2,1,7,1
2,1,7,1
2,1,5,1
2,4,1,1
2,1,4,1
2,1,6,1
2,4,1,1
5,4,1,0
5,4,1,0
5,4,1,0
5,1,4,0
5,4,5,0
5,1,5,1
5,1,7,1
2,4,3,0
2,1,1,0
2,4,1,1
2,1,4,1
2,1,1,1
2,1,1,1
0,1,7,0
0,4,13,1
0,4,2,1
0,4,9,1
0,1,3,1
0,4,2,1
0,1,9,1
0,1,1,1
0,1,2,1
0,1,3,1
0,1,3,1
0,4,4,1
5,1,3,0
5,4,3,1
5,4,3,1
5,1,4,1
5,4,5,1
5,1,1,1
4,1,4,1
4,5,3,1
4,1,1,1
4,1,1,1
4,4,1,1
0,1,1,0
0,4,2,1
0,1,2,1
0,4,1,1
2,4,1,1
2,5,8,1
2,1,2,1
1,1,1,1
1,1,1,1
0,2,4,1
0,5,3,1
0,1,10,1
0,4,4,1
0,1,7,1
0,1,3,1
0,4,11,1
0,1,5,1
0,1,17,2
0,1,5,1
0,1,7,1
0,1,5,1
0,4,10,1
0,4,6,1
0,5,8,1
0,1,4,1
0,2,8,1
0,4,12,1
0,4,3,1
0,5,6,1
0,1,1,1
0,1,5,1
0,4,3,1
0,1,4,1
0,1,6,1
0,4,9,1
0,1,2,1
0,1,2,1
0,5,6,1
0,1,4,1
0,1,1,1
0,1,6,1
0,4,3,1
0,1,4,1
0,5,4,1
0,1,4,1
0,1,10,1
0,2,4,1
0,1,5,1
0,4,5,1
6,4,11,0
6,1,1,0
6,4,6,0
6,2,6,0
6,1,8,0
6,1,2,0
6,1,4,0
6,4,5,0
6,5,3,0
6,5,3,0
6,1,4,0
6,1,3,0
6,1,10,1
6,4,6,1
6,4,6,1
6,1,5,1
6,1,2,1
6,4,4,1
6,1,2,1
2,4,1,1
2,5,2,1
2,4,1,1
6,4,3,0
6,2,1,0
6,5,6,1
6,4,3,1
6,1,7,1
6,4,4,1
6,1,3,1
6,4,2,1
6,1,4,1
0,4,3,0
0,1,3,1
1,4,5,0
0,1,7,0
0,1,5,1
0,5,5,1
0,1,5,1
0,4,12,1
0,1,13,1
0,1,9,1
0,1,3,1
0,1,3,1
0,1,3,1
0,4,3,1
0,4,5,1
0,5,3,1
0,1,2,1
0,1,3,1
0,1,11,1
0,4,5,1
0,1,4,1
0,4,13,1
0,1,13,1
0,4,3,1
0,1,5,1
0,4,5,1
0,4,4,1
0,4,1,0
0,1,8,0
0,1,1,0
0,1,5,1
0,1,1,1
0,4,6,1
0,1,5,1
0,4,5,1
0,1,6,1
0,1,4,1
0,5,7,1
0,1,2,1
0,1,4,1
0,4,14,2
0,1,2,2
0,4,9,2
0,1,10,1
0,1,14,1
0,1,4,1
0,5,1,1
0,1,9,1
0,1,3,1
0,4,3,1
0,4,11,1
0,1,8,1
0,4,11,1
0,5,10,1
0,4,1,1
0,1,1,1
0,1,1,1
0,4,5,1
0,1,5,1
0,1,1,1
0,1,5,1
0,4,1,1
0,1,2,1
0,1,2,1
0,1,4,1
0,4,2,1
0,2,10,1
0,4,6,1
0,4,1,1
0,1,3,1
0,1,1,1
0,1,4,1
0,4,5,1
0,1,9,1
0,5,3,1
0,1,8,1
0,4,3,1
0,4,2,1
0,1,4,1
0,5,7,1
0,1,4,1
0,4,4,1
0,1,5,1
0,1,2,1
0,4,2,1
0,5,2,1
0,1,7,1
0,1,3,1
0,4,11,1
0,5,10,1
0,1,3,1
0,1,9,1
0,4,19,1
0,4,3,0
0,1,3,2
0,1,1,2
0,4,2,1
0,1,3,1
0,4,4,1
0,1,1,1
0,5,7,1
0,1,1,1
0,5,2,1
6,1,5,0
6,4,2,0
6,4,4,0
6,5,2,1
6,1,2,1
6,2,4,1
6,1,1,1
6,1,6,1
6,5,4,1
6,4,1,1
6,4,1,1
6,1,3,1
6,1,5,1
6,1,1,1
6,4,4,1
6,1,2,1
6,1,3,1
6,1,6,1
6,4,4,1
6,4,1,0
6,1,2,0
6,4,3,1
6,5,9,1
6,1,3,1
6,1,8,1
6,1,3,1
6,4,6,1
6,1,2,1
6,1,5,1
6,4,3,1
6,1,1,1
6,1,2,1
6,4,4,1
6,4,2,1
6,4,5,1
6,1,5,1
6,1,3,1
6,4,3,1
1,1,5,1
5,1,9,1
5,1,1,1
5,1,2,1
5,1,11,1
5,1,1,1
5,1,3,1
5,1,2,1
0,1,9,1
0,4,7,1
0,5,8,1
0,1,9,1
0,4,16,1
0,2,2,1
0,1,1,1
0,1,11,1
0,4,14,1
0,1,24,1
0,1,11,1
0,1,9,1
0,1,11,2
0,4,2,2
0,4,5,2
0,5,8,2
0,1,8,2
0,1,1,1
0,4,17,2
0,1,12,1
0,1,18,1
0,1,3,1
0,4,3,2
0,1,5,2
0,4,21,1
0,1,7,1
0,1,14,1
0,1,3,1
0,4,12,1
0,1,12,1
0,1,4,1
0,1,6,1
0,4,4,1
0,1,23,1
0,4,5,1
0,5,8,1
0,1,6,1
0,1,12,1
0,4,12,1
6,4,9,1
6,1,5,1
6,1,5,1
6,5,3,1
6,5,9,1
6,1,11,1
6,4,16,1
6,1,1,1
6,1,3,1
6,1,1,1
6,1,3,1
6,1,8,1
6,4,4,1
6,1,5,1
6,1,6,1
6,4,9,1
6,4,3,1
6,5,14,2
6,1,15,1
6,2,3,1
6,4,8,2
6,4,4,2
6,1,4,2
6,4,6,2
6,1,10,1
6,1,3,1
6,4,13,1
6,1,14,1
6,1,4,1
6,4,3,1
6,5,10,1
6,1,9,1
6,1,10,1
6,4,6,1
6,1,5,1
6,1,7,1
6,1,8,1
6,1,5,1
6,4,4,1
6,4,2,0
6,1,7,0
6,4,6,0
6,1,2,1
6,1,3,1
6,1,6,1
6,1,8,1
6,4,9,1
6,1,3,1
6,1,4,1
6,4,4,1
6,1,1,1
6,4,1,1
6,1,6,1
6,5,2,1
6,5,3,1
6,1,5,1
6,4,8,1
6,1,10,1
6,5,5,1
6,1,6,1
6,1,4,1
6,1,3,1
6,4,2,1
6,4,9,1
6,1,1,1
6,1,22,1
6,1,8,1
6,4,12,1
6,1,6,1
6,1,15,1
6,1,7,1
6,4,4,1
0,4,1,1
0,1,4,1
0,4,3,1
0,1,1,1
0,1,8,1
0,1,2,1
0,1,4,1
0,1,2,1
0,1,8,1
0,4,5,1
0,1,2,1
0,4,1,1
0,4,2,1
0,1,6,1
0,1,3,1
0,1,7,1
0,4,4,1
0,4,4,1
0,4,4,1
0,1,5,1
0,4,2,1
0,4,2,1
0,5,1,1
0,5,6,1
0,4,1,1
0,4,1,1
0,1,3,1
0,1,3,1
0,1,2,1
0,4,2,1
0,4,1,1
0,1,2,1
0,1,1,1
0,1,3,1
4,5,1,1
2,4,1,0
2,1,2,0
2,4,5,1
2,1,9,1
2,1,6,1
2,4,5,1
2,1,15,1
2,4,3,1
2,2,4,1
2,1,2,1
2,4,6,1
2,1,12,1
2,1,6,1
2,1,2,1
2,1,12,1
2,1,17,1
2,2,9,1
2,5,4,1
2,4,10,1
2,4,6,1
2,5,1,1
2,4,8,1
2,4,1,1
2,1,4,1
2,1,10,1
2,5,4,1
2,1,6,1
2,4,7,1
2,1,15,1
2,1,3,1
2,4,8,1
2,5,8,1
2,1,19,1
2,1,9,1
2,1,13,1
2,4,14,1
2,1,5,1
2,1,11,1
2,1,6,1
2,4,9,1
0,1,2,0
0,1,3,0
0,1,7,1
0,1,2,1
0,1,3,1
0,1,3,1
0,1,2,1
0,4,1,1
0,4,1,1
0,1,1,1
0,4,2,1
0,1,5,1
0,4,2,1
0,1,3,1
4,1,4,0
4,4,4,0
2,1,9,0
2,4,6,0
2,5,12,0
2,1,2,0
2,2,6,0
2,1,11,0
2,4,10,2
2,1,2,2
2,1,1,2
2,4,1,1
2,1,6,1
2,5,2,1
2,1,2,1
2,1,9,1
2,4,6,1
2,4,2,1
2,1,4,1
2,1,10,1
2,1,3,1
2,4,7,1
2,1,17,1
2,5,7,1
2,1,12,1
2,1,9,1
2,1,8,1
2,1,6,1
2,4,8,1
2,5,1,1
2,1,5,1
2,4,8,1
6,4,11,2
6,1,5,2
6,2,5,2
6,5,4,2
6,1,11,1
6,4,31,2
6,1,6,2
6,1,8,2
6,1,4,1
6,1,4,1
6,1,5,1
6,1,5,1
6,1,22,1
6,4,4,1
6,5,19,1
6,1,2,1
6,1,4,1
6,4,10,1
6,1,6,1
6,1,4,1
6,1,5,1
6,1,6,1
6,4,15,1
6,1,4,1
6,4,6,1
6,4,31,1
6,1,13,1
6,4,8,1
6,1,12,1
6,5,11,1
6,4,6,1
6,5,5,1
6,1,16,1
6,1,3,1
6,2,5,1
6,4,6,1
0,1,5,0
6,4,17,1
6,1,9,1
6,1,3,1
6,2,4,1
6,5,6,1
6,5,3,1
6,1,11,1
6,2,9,1
6,1,21,1
6,1,18,1
6,4,12,1
6,1,8,1
6,1,12,1
6,1,11,1
6,1,4,1
6,1,5,1
6,5,6,1
6,1,3,1
6,1,12,1
6,4,7,1
6,4,4,1
6,1,3,1
6,1,7,1
6,4,6,1
6,1,11,1
6,5,9,1
6,1,10,1
6,5,5,1
6,1,4,1
6,1,10,1
6,4,7,1
6,4,16,1
6,5,9,1
6,1,15,1
6,1,13,1
6,2,6,1
6,4,3,1
5,1,8,0
5,1,5,0
5,1,4,1
5,1,5,2
5,5,2,2
5,4,5,2
5,4,6,0
5,1,6,0
5,1,4,0
5,4,10,1
5,1,3,1
5,4,8,1
5,1,4,1
5,1,1,1
5,1,2,1
5,1,1,1
5,1,2,1
2,1,12,1
2,4,8,1
2,1,6,1
2,1,5,1
2,5,8,1
2,5,2,1
2,1,6,1
2,4,7,1
2,2,4,1
2,1,6,1
2,1,4,1
2,4,1,1
2,1,3,1
2,1,6,1
2,1,8,1
2,4,7,1
2,4,3,1
2,5,5,1
2,1,5,1
2,1,5,1
2,4,4,1
2,1,14,1
2,1,11,1
2,4,19,1
2,1,6,1
2,4,6,1
2,1,13,1
2,1,9,1
2,4,14,1
2,1,11,1
2,1,4,1
2,4,5,1
2,1,6,1
2,4,4,1
2,5,5,1
2,1,13,1
2,1,11,1
2,4,9,1
0,4,11,0
0,4,6,0
0,1,5,0
0,2,6,0
0,5,7,0
0,4,6,1
0,1,2,1
0,1,1,1
0,4,2,1
0,4,5,1
0,1,7,1
0,1,1,1
0,1,5,1
0,1,1,1
0,4,2,1
0,4,5,1
0,1,3,1
0,4,3,1
0,4,3,1
0,1,1,1
0,1,2,1
0,4,6,1
0,1,8,1
0,1,4,1
0,1,6,1
0,4,7,1
0,1,7,1
0,1,5,1
0,1,1,1
0,2,3,1
5,1,1,0
5,4,5,0
5,5,1,2
2,4,4,0
2,2,2,0
2,4,4,1
2,4,2,1
2,1,1,1
2,4,3,1
2,5,3,1
2,1,3,1
2,1,5,1
2,1,9,1
2,4,3,1
2,4,5,1
2,1,2,1
2,1,8,1
2,5,9,1
2,1,4,1
2,4,8,1
2,1,2,1
2,4,1,1
2,1,4,1
2,1,11,1
2,1,1,1
2,1,2,1
2,4,10,1
2,4,4,1
2,5,11,1
2,1,2,1
2,4,2,1
2,1,3,1
2,1,4,1
2,4,6,1
2,1,1,1
2,1,7,1
2,1,4,1
2,4,8,1
2,1,10,2
2,1,3,2
2,4,5,1
2,1,4,1
2,5,11,1
2,1,8,2
2,1,8,1
2,1,8,1
2,4,4,1
6,4,4,0
6,1,7,0
6,4,23,0
6,1,1,0
6,1,10,0
6,5,2,0
6,1,13,0
6,4,14,0
6,1,9,0
6,1,4,1
6,2,3,1
6,1,9,1
6,1,2,1
6,1,10,1
6,1,10,1
6,1,10,1
6,4,11,1
6,5,12,1
6,1,13,1
6,1,15,1
6,4,8,1
6,4,12,1
6,1,9,1
6,1,9,1
6,1,5,1
6,4,15,1
6,1,10,1
6,1,1,1
6,4,4,1
6,4,9,1
6,1,13,1
6,4,10,1
6,1,18,1
6,4,8,1
6,5,3,1
6,1,14,2
6,2,1,2
6,1,1,2
6,4,4,2
2,1,9,1
2,4,7,1
2,1,23,1
2,1,3,1
2,1,2,1
2,1,9,1
2,1,3,1
2,1,19,1
2,1,22,1
2,4,5,1
2,1,14,1
2,4,2,1
2,1,11,1
2,4,11,1
2,5,18,1
2,1,12,1
2,5,8,1
2,4,14,1
2,5,6,1
2,1,3,1
2,4,2,1
2,4,4,1
2,1,10,1
2,5,15,1
2,1,6,1
2,4,11,1
2,1,11,1
2,1,1,1
2,1,2,1
2,4,4,1
2,4,11,1
2,5,6,1
2,1,19,1
2,1,16,1
2,1,5,1
2,4,11,1
2,1,10,1
2,4,11,1
2,5,5,1
2,1,8,1
2,1,5,2
0,2,7,0
0,4,9,0
0,1,3,0
0,1,4,0
0,1,2,1
0,1,7,1
0,4,4,1
0,1,5,1
0,4,2,1
0,1,1,1
5,1,1,1
5,4,1,1
4,2,4,1
4,4,2,1
4,1,2,1
4,4,2,1
0,1,4,0
0,5,13,0
0,4,5,1
0,4,19,1
0,1,9,1
0,1,8,1
0,1,7,1
0,1,2,1
0,4,5,1
0,4,1,1
0,1,1,1
0,5,4,1
0,1,6,1
0,1,1,1
0,4,3,1
0,1,5,1
0,1,13,1
0,1,2,1
0,1,1,1
0,1,10,1
0,1,4,1
0,4,2,1
0,5,5,1
0,1,4,1
0,4,5,1
6,4,7,1
6,1,12,1
6,4,18,1
6,1,8,1
6,1,3,1
6,1,6,1
6,4,5,1
6,4,10,1
6,2,4,1
6,1,7,1
6,1,5,1
6,1,2,1
6,1,7,1
6,1,14,1
6,1,21,1
6,1,2,1
6,4,1,1
6,5,15,1
6,1,17,1
6,1,18,1
6,5,3,1
6,4,19,1
6,4,12,1
6,1,2,1
6,4,5,1
6,4,1,1
6,1,10,1
6,1,2,1
6,4,14,1
6,1,6,1
6,1,1,1
6,4,8,1
6,4,5,1
6,5,4,1
6,1,13,1
6,1,10,1
6,4,6,1
6,1,4,1
6,4,19,1
6,1,10,1
0,4,1,0
0,1,11,1
0,4,4,1
0,1,3,1
0,1,2,1
0,1,4,1
0,4,4,1
0,1,3,1
6,1,3,0
6,1,5,1
6,5,9,1
6,5,3,1
6,1,2,1
6,4,3,1
6,1,4,1
6,1,7,1
6,4,4,1
6,1,3,1
6,1,5,1
6,4,2,1
6,4,2,1
6,1,4,1
6,1,3,1
6,1,2,1
6,5,6,1
6,1,2,1
6,4,3,1
6,5,1,1
6,1,3,0
6,4,8,0
6,1,2,0
6,5,3,0
6,5,7,0
6,1,6,0
6,4,28,1
6,1,4,1
6,1,12,1
6,4,3,1
6,1,15,1
6,1,7,1
6,1,2,1
6,4,4,1
6,4,2,1
6,1,3,1
6,1,6,1
6,4,7,1
6,5,5,1
6,1,6,1
6,1,17,1
6,1,17,1
6,4,4,1
6,5,4,1
6,1,6,1
6,4,8,0
6,2,2,1
6,5,3,1
6,4,7,1
6,4,4,1
6,1,2,1
6,4,5,1
6,1,1,1
6,1,2,1
6,4,4,1
6,4,3,1
6,5,1,1
6,1,2,1
6,1,2,1
6,1,2,1
6,1,8,1
6,1,4,1
4,4,4,0
