batsmen,bowler,0s,1s,2s,3s,4s,5s,6s,balls,wickets
0,1,0.4,0.5,0.0,0.0,0.075,0.0,0.025,40,0.15
0,3,0.3382352941176471,0.47058823529411764,0.0,0.0,0.17647058823529413,0.0,0.014705882352941176,68,0.19117647058823528
0,4,0.35294117647058826,0.35294117647058826,0.0,0.0,0.29411764705882354,0.0,0.0,17,0.29411764705882354
0,6,0.75,0.25,0.0,0.0,0.0,0.0,0.0,4,0.25
1,1,0.7142857142857143,0.2857142857142857,0.0,0.0,0.0,0.0,0.0,7,0.14285714285714285
1,3,0.8888888888888888,0.1111111111111111,0.0,0.0,0.0,0.0,0.0,9,0.3333333333333333
1,4,1.0,0.0,0.0,0.0,0.0,0.0,0.0,3,0.3333333333333333
2,1,0.2777421423989737,0.28223220012828737,0.12187299550994227,0.03463758819756254,0.1468890314304041,0.007055805003207184,0.12957023733162285,1559,0.10840282232200128
2,2,0.32,0.16,0.12,0.04,0.2,0.0,0.16,25,0.12
2,3,0.2671976828385228,0.29217958001448224,0.11839246922519914,0.03439536567704562,0.15061549601737872,0.0065170166545981175,0.13070238957277336,2762,0.11042722664735699
2,4,0.23311546840958605,0.3289760348583878,0.12200435729847495,0.02832244008714597,0.1568627450980392,0.004357298474945534,0.12636165577342048,459,0.1111111111111111
2,5,0.42105263157894735,0.10526315789473684,0.15789473684210525,0.05263157894736842,0.21052631578947367,0.0,0.05263157894736842,19,0.05263157894736842
2,6,0.21649484536082475,0.3402061855670103,0.16494845360824742,0.010309278350515464,0.12371134020618557,0.0,0.14432989690721648,97,0.10309278350515463
3,1,0.2794051374493015,0.33934204596665163,0.10905813429472735,0.01892744479495268,0.13925191527715186,0.005407841369986481,0.10860748084722849,2219,0.08607480847228481
3,2,0.3137254901960784,0.23529411764705882,0.09803921568627451,0.058823529411764705,0.13725490196078433,0.0392156862745098,0.11764705882352941,51,0.11764705882352941
3,3,0.2708333333333333,0.3141025641025641,0.11858974358974358,0.020032051282051284,0.1546474358974359,0.004273504273504274,0.11752136752136752,3744,0.0889423076923077
3,4,0.2867981790591806,0.27617602427921095,0.11684370257966616,0.019726858877086494,0.18057663125948406,0.007587253414264037,0.11229135053110774,659,0.10166919575113809
3,6,0.22916666666666666,0.3541666666666667,0.13020833333333334,0.0,0.16666666666666666,0.0,0.11979166666666667,192,0.08854166666666667
4,1,0.36538461538461536,0.41346153846153844,0.08653846153846154,0.0,0.125,0.0,0.009615384615384616,104,0.1346153846153846
4,3,0.3905579399141631,0.30472103004291845,0.0944206008583691,0.0,0.1630901287553648,0.017167381974248927,0.030042918454935622,233,0.1459227467811159
4,4,0.5294117647058824,0.23529411764705882,0.11764705882352941,0.0,0.058823529411764705,0.0,0.058823529411764705,17,0.23529411764705882
4,5,0.25,0.25,0.25,0.0,0.25,0.0,0.0,4,0.25
4,6,0.8,0.2,0.0,0.0,0.0,0.0,0.0,5,0.2
5,4,0.0,0.5,0.0,0.0,0.5,0.0,0.0,2,0.0
6,1,0.26990692864529475,0.30093071354705275,0.12306101344364012,0.014477766287487074,0.1437435367114788,0.020682523267838676,0.12719751809720786,1934,0.10134436401240951
6,2,0.2222222222222222,0.2222222222222222,0.2222222222222222,0.0,0.1111111111111111,0.1111111111111111,0.1111111111111111,9,0.1111111111111111
6,3,0.25022775584573337,0.31551776495596723,0.11752201639842089,0.01730944427573641,0.15062253264500455,0.022168235651381717,0.12663225022775584,3293,0.09778317643486183
6,4,0.2579505300353357,0.27385159010600707,0.10954063604240283,0.015901060070671377,0.1784452296819788,0.024734982332155476,0.13957597173144876,566,0.10600706713780919
6,5,0.36363636363636365,0.36363636363636365,0.09090909090909091,0.0,0.09090909090909091,0.0,0.09090909090909091,11,0.09090909090909091
6,6,0.2943722943722944,0.22943722943722944,0.12987012987012986,0.008658008658008658,0.1774891774891775,0.012987012987012988,0.1471861471861472,231,0.08225108225108226
