batsmen,bowler,delivery,balls,0s,1s,2s,3s,4s,5s,6s
0,1,1,1813,0.15499172642029785,0.16326530612244897,0.12796469939327082,0.03861003861003861,0.13182570325427467,0.0126861555432984,0.11969111969111969
0,1,2,1864,0.14699570815450644,0.15933476394849785,0.12821888412017168,0.03540772532188841,0.13304721030042918,0.013412017167381975,0.125
0,1,3,1862,0.14554242749731472,0.15574650912996776,0.12620837808807733,0.03490870032223416,0.13319011815252416,0.013963480128893663,0.12083780880773362
0,1,4,1923,0.14716588663546543,0.16328653146125846,0.13208528341133646,0.034841393655746226,0.13832553302132086,0.011960478419136765,0.12688507540301613
0,1,5,1815,0.14986225895316804,0.15151515151515152,0.1278236914600551,0.03471074380165289,0.13443526170798897,0.013774104683195593,0.12231404958677686
0,1,6,1871,0.14858364510956706,0.16141101015499731,0.1288081239978621,0.03955104222340994,0.13201496525921966,0.01389631213254944,0.12185996793158739
0,1,7,583,0.11663807890222985,0.12006861063464837,0.10120068610634649,0.03773584905660377,0.11492281303602059,0.012006861063464836,0.10291595197255575
0,1,8,101,0.12871287128712872,0.10891089108910891,0.06930693069306931,0.039603960396039604,0.07920792079207921,0.0,0.06930693069306931
0,1,9,13,0.23076923076923078,0.15384615384615385,0.15384615384615385,0.07692307692307693,0.15384615384615385,0.0,0.15384615384615385
0,2,1,93,0.15053763440860216,0.13978494623655913,0.10752688172043011,0.010752688172043012,0.11827956989247312,0.0,0.10752688172043011
0,2,2,98,0.15306122448979592,0.14285714285714285,0.12244897959183673,0.01020408163265306,0.12244897959183673,0.0,0.10204081632653061
0,2,3,108,0.16666666666666666,0.16666666666666666,0.14814814814814814,0.009259259259259259,0.16666666666666666,0.0,0.12037037037037036
0,2,4,90,0.16666666666666666,0.15555555555555556,0.13333333333333333,0.011111111111111112,0.14444444444444443,0.0,0.1
0,2,5,85,0.15294117647058825,0.1411764705882353,0.12941176470588237,0.0,0.17647058823529413,0.0,0.11764705882352941
0,2,6,99,0.1717171717171717,0.1717171717171717,0.1414141414141414,0.020202020202020204,0.16161616161616163,0.0,0.12121212121212122
0,2,7,34,0.14705882352941177,0.14705882352941177,0.11764705882352941,0.029411764705882353,0.11764705882352941,0.0,0.11764705882352941
0,2,8,10,0.1,0.1,0.1,0.0,0.1,0.0,0.1
0,4,1,1037,0.1398264223722276,0.14271938283510124,0.10703953712632594,0.03085824493731919,0.11475409836065574,0.011571841851494697,0.10800385728061716
0,4,2,1119,0.1483467381590706,0.15192135835567472,0.11349419124218052,0.03395889186773905,0.12332439678284182,0.008936550491510277,0.11438784629133154
0,4,3,1064,0.15225563909774437,0.15601503759398497,0.11278195488721804,0.03195488721804511,0.12687969924812031,0.012218045112781954,0.1118421052631579
0,4,4,1085,0.1391705069124424,0.15299539170506912,0.11244239631336406,0.03317972350230415,0.12534562211981568,0.012903225806451613,0.11705069124423963
0,4,5,1076,0.1579925650557621,0.15892193308550187,0.120817843866171,0.03066914498141264,0.13382899628252787,0.013011152416356878,0.12267657992565056
0,4,6,1079,0.15755329008341057,0.1603336422613531,0.12511584800741427,0.033364226135310475,0.1371640407784986,0.014828544949026877,0.12418906394810009
0,4,7,318,0.12264150943396226,0.12578616352201258,0.1069182389937107,0.02830188679245283,0.1069182389937107,0.006289308176100629,0.09119496855345911
0,4,8,18,0.1111111111111111,0.1111111111111111,0.05555555555555555,0.0,0.05555555555555555,0.0,0.05555555555555555
0,5,1,283,0.15547703180212014,0.15901060070671377,0.1413427561837456,0.0176678445229682,0.1413427561837456,0.007067137809187279,0.13780918727915195
0,5,2,304,0.15460526315789475,0.18092105263157895,0.13815789473684212,0.03618421052631579,0.13815789473684212,0.006578947368421052,0.13486842105263158
0,5,3,307,0.16286644951140064,0.17263843648208468,0.13680781758957655,0.03257328990228013,0.14332247557003258,0.013029315960912053,0.13680781758957655
0,5,4,323,0.15170278637770898,0.15789473684210525,0.12074303405572756,0.02476780185758514,0.1393188854489164,0.01238390092879257,0.1238390092879257
0,5,5,308,0.15584415584415584,0.16883116883116883,0.1266233766233766,0.032467532467532464,0.14285714285714285,0.012987012987012988,0.1331168831168831
0,5,6,326,0.16257668711656442,0.17791411042944785,0.1441717791411043,0.03987730061349693,0.15337423312883436,0.012269938650306749,0.147239263803681
0,5,7,70,0.15714285714285714,0.18571428571428572,0.14285714285714285,0.04285714285714286,0.14285714285714285,0.02857142857142857,0.12857142857142856
0,6,2,2,0.5,0.5,0.5,0.5,1.0,0.0,0.5
0,6,4,2,0.5,0.5,0.5,0.5,1.0,0.0,0.5
1,1,1,6,0.3333333333333333,0.0,0.0,0.0,0.0,0.0,0.0
1,1,2,5,0.2,0.0,0.0,0.0,0.0,0.0,0.0
1,1,3,5,0.2,0.0,0.0,0.0,0.0,0.0,0.0
1,1,4,5,0.2,0.0,0.0,0.0,0.0,0.0,0.0
1,1,5,5,0.2,0.0,0.0,0.0,0.0,0.0,0.0
1,1,6,2,1.0,0.5,0.0,0.0,0.0,0.0,0.0
1,4,1,5,0.0,0.2,0.0,0.0,0.0,0.0,0.0
1,4,3,5,0.2,0.2,0.0,0.0,0.0,0.0,0.0
1,4,4,7,0.2857142857142857,0.14285714285714285,0.0,0.0,0.0,0.0,0.0
1,4,5,7,0.2857142857142857,0.2857142857142857,0.0,0.0,0.0,0.0,0.0
1,4,6,5,0.2,0.2,0.0,0.0,0.0,0.0,0.0
1,5,1,3,0.3333333333333333,0.0,0.0,0.0,0.0,0.0,0.0
1,5,2,3,0.3333333333333333,0.0,0.0,0.0,0.0,0.0,0.0
1,5,3,3,0.3333333333333333,0.0,0.0,0.0,0.0,0.0,0.0
2,1,1,1255,0.14422310756972112,0.15617529880478087,0.12111553784860558,0.027091633466135457,0.12031872509960159,0.03266932270916335,0.11553784860557768
2,1,2,1230,0.14227642276422764,0.15040650406504066,0.11544715447154472,0.028455284552845527,0.11626016260162601,0.030894308943089432,0.11382113821138211
2,1,3,1244,0.13504823151125403,0.14790996784565916,0.11495176848874598,0.02491961414790997,0.11414790996784566,0.03295819935691318,0.10610932475884244
2,1,4,1220,0.14262295081967213,0.14918032786885246,0.11885245901639344,0.023770491803278688,0.12377049180327869,0.031967213114754096,0.11147540983606558
2,1,5,1277,0.14643696162881753,0.1581832419733751,0.11981205951448708,0.02662490211433046,0.12216131558339859,0.03445575567736883,0.11276429130775255
2,1,6,1149,0.1409921671018277,0.1462140992167102,0.11836379460400348,0.026979982593559618,0.12010443864229765,0.03307223672758921,0.11401218450826806
2,1,7,362,0.11878453038674033,0.11602209944751381,0.09116022099447514,0.027624309392265192,0.09944751381215469,0.03038674033149171,0.09116022099447514
2,1,8,86,0.10465116279069768,0.09302325581395349,0.08139534883720931,0.03488372093023256,0.08139534883720931,0.0,0.08139534883720931
2,1,9,6,0.16666666666666666,0.16666666666666666,0.16666666666666666,0.16666666666666666,0.16666666666666666,0.16666666666666666,0.16666666666666666
2,2,1,81,0.16049382716049382,0.18518518518518517,0.1728395061728395,0.024691358024691357,0.19753086419753085,0.024691358024691357,0.14814814814814814
2,2,2,77,0.15584415584415584,0.19480519480519481,0.16883116883116883,0.012987012987012988,0.19480519480519481,0.05194805194805195,0.15584415584415584
2,2,3,61,0.19672131147540983,0.16393442622950818,0.16393442622950818,0.03278688524590164,0.21311475409836064,0.03278688524590164,0.14754098360655737
2,2,4,60,0.18333333333333332,0.2,0.15,0.016666666666666666,0.18333333333333332,0.05,0.11666666666666667
2,2,5,77,0.2077922077922078,0.24675324675324675,0.16883116883116883,0.025974025974025976,0.18181818181818182,0.03896103896103896,0.14285714285714285
2,2,6,80,0.2,0.2125,0.175,0.025,0.175,0.05,0.15
2,2,7,24,0.25,0.16666666666666666,0.16666666666666666,0.0,0.16666666666666666,0.08333333333333333,0.125
2,4,1,749,0.157543391188251,0.1602136181575434,0.12416555407209613,0.0267022696929239,0.12416555407209613,0.030707610146862484,0.12016021361815754
2,4,2,734,0.14986376021798364,0.1566757493188011,0.11444141689373297,0.021798365122615803,0.11307901907356949,0.025885558583106268,0.11035422343324251
2,4,3,795,0.15723270440251572,0.15723270440251572,0.12075471698113208,0.025157232704402517,0.11823899371069183,0.028930817610062894,0.11446540880503145
2,4,4,780,0.1423076923076923,0.15256410256410258,0.12051282051282051,0.021794871794871794,0.1141025641025641,0.028205128205128206,0.11153846153846154
2,4,5,778,0.14910025706940874,0.14910025706940874,0.12082262210796915,0.02442159383033419,0.11439588688946016,0.02699228791773779,0.10925449871465295
2,4,6,673,0.14413075780089152,0.1426448736998514,0.12184249628528974,0.02526002971768202,0.11738484398216939,0.031203566121842496,0.11441307578008915
2,4,7,170,0.10588235294117647,0.12352941176470589,0.1,0.011764705882352941,0.1,0.01764705882352941,0.08235294117647059
2,4,8,39,0.07692307692307693,0.07692307692307693,0.07692307692307693,0.02564102564102564,0.07692307692307693,0.0,0.05128205128205128
2,5,1,222,0.16216216216216217,0.13513513513513514,0.13513513513513514,0.02252252252252252,0.14414414414414414,0.02702702702702703,0.11711711711711711
2,5,2,211,0.14691943127962084,0.15165876777251186,0.12322274881516587,0.023696682464454975,0.13744075829383887,0.04265402843601896,0.12322274881516587
2,5,3,230,0.1391304347826087,0.14347826086956522,0.12173913043478261,0.017391304347826087,0.12608695652173912,0.034782608695652174,0.11739130434782609
2,5,4,218,0.15137614678899083,0.13761467889908258,0.12385321100917432,0.022935779816513763,0.13761467889908258,0.027522935779816515,0.12844036697247707
2,5,5,220,0.15,0.14545454545454545,0.12727272727272726,0.022727272727272728,0.1409090909090909,0.031818181818181815,0.12272727272727273
2,5,6,204,0.14705882352941177,0.14215686274509803,0.12254901960784313,0.0196078431372549,0.11764705882352941,0.024509803921568627,0.12254901960784313
2,5,7,58,0.10344827586206896,0.10344827586206896,0.08620689655172414,0.017241379310344827,0.06896551724137931,0.034482758620689655,0.08620689655172414
2,5,8,8,0.125,0.125,0.125,0.0,0.125,0.125,0.125
2,5,9,20,0.15,0.1,0.1,0.0,0.1,0.1,0.1
2,6,1,6,0.3333333333333333,0.16666666666666666,0.16666666666666666,0.0,0.16666666666666666,0.0,0.16666666666666666
2,6,2,6,0.3333333333333333,0.16666666666666666,0.16666666666666666,0.0,0.16666666666666666,0.0,0.16666666666666666
2,6,3,6,0.3333333333333333,0.16666666666666666,0.16666666666666666,0.0,0.16666666666666666,0.0,0.16666666666666666
2,6,5,6,0.3333333333333333,0.16666666666666666,0.16666666666666666,0.0,0.16666666666666666,0.0,0.16666666666666666
2,6,6,6,0.3333333333333333,0.16666666666666666,0.16666666666666666,0.0,0.16666666666666666,0.0,0.16666666666666666
3,5,5,2,0.0,0.5,0.0,0.0,0.0,0.0,0.0
3,5,7,2,0.0,0.5,0.0,0.0,0.5,0.0,0.0
4,1,1,27,0.25925925925925924,0.3333333333333333,0.0,0.0,0.07407407407407407,0.0,0.037037037037037035
4,1,2,18,0.2777777777777778,0.2777777777777778,0.0,0.0,0.2222222222222222,0.0,0.05555555555555555
4,1,3,14,0.42857142857142855,0.42857142857142855,0.0,0.0,0.07142857142857142,0.0,0.0
4,1,4,31,0.3225806451612903,0.3225806451612903,0.0,0.0,0.12903225806451613,0.0,0.0
4,1,5,21,0.3333333333333333,0.3333333333333333,0.0,0.0,0.19047619047619047,0.0,0.0
4,1,6,23,0.30434782608695654,0.2608695652173913,0.0,0.0,0.13043478260869565,0.0,0.0
4,2,3,4,0.25,0.0,0.0,0.0,0.0,0.0,0.0
4,2,4,4,0.25,0.0,0.0,0.0,0.0,0.0,0.0
4,2,5,4,0.25,0.0,0.0,0.0,0.0,0.0,0.0
4,2,6,4,0.25,0.25,0.0,0.0,0.0,0.0,0.0
4,4,1,26,0.15384615384615385,0.23076923076923078,0.0,0.0,0.038461538461538464,0.0,0.038461538461538464
4,4,2,15,0.2,0.26666666666666666,0.0,0.0,0.13333333333333333,0.0,0.06666666666666667
4,4,3,21,0.23809523809523808,0.2857142857142857,0.0,0.0,0.047619047619047616,0.0,0.047619047619047616
4,4,4,18,0.2777777777777778,0.2222222222222222,0.0,0.0,0.0,0.0,0.0
4,4,5,18,0.2222222222222222,0.2222222222222222,0.0,0.0,0.0,0.0,0.0
4,4,6,25,0.28,0.24,0.0,0.0,0.04,0.0,0.04
4,4,7,6,0.16666666666666666,0.16666666666666666,0.0,0.0,0.0,0.0,0.0
4,5,1,3,0.3333333333333333,0.3333333333333333,0.0,0.0,0.3333333333333333,0.0,0.0
4,5,2,6,0.3333333333333333,0.3333333333333333,0.0,0.0,0.3333333333333333,0.0,0.0
4,5,4,5,0.4,0.4,0.0,0.0,0.4,0.0,0.0
4,5,5,5,0.4,0.4,0.0,0.0,0.4,0.0,0.0
4,5,6,10,0.4,0.3,0.0,0.0,0.3,0.0,0.0
4,5,7,3,0.3333333333333333,0.3333333333333333,0.0,0.0,0.3333333333333333,0.0,0.0
5,1,1,107,0.22429906542056074,0.17757009345794392,0.07476635514018691,0.0,0.14953271028037382,0.009345794392523364,0.018691588785046728
5,1,2,129,0.24031007751937986,0.20155038759689922,0.09302325581395349,0.0,0.15503875968992248,0.0,0.023255813953488372
5,1,3,115,0.20869565217391303,0.2,0.11304347826086956,0.0,0.16521739130434782,0.0,0.02608695652173913
5,1,4,92,0.20652173913043478,0.18478260869565216,0.09782608695652174,0.0,0.14130434782608695,0.021739130434782608,0.03260869565217391
5,1,5,110,0.21818181818181817,0.2,0.12727272727272726,0.0,0.16363636363636364,0.01818181818181818,0.03636363636363636
5,1,6,108,0.25,0.24074074074074073,0.1111111111111111,0.0,0.17592592592592593,0.027777777777777776,0.046296296296296294
5,1,7,36,0.16666666666666666,0.19444444444444445,0.1111111111111111,0.0,0.1388888888888889,0.05555555555555555,0.027777777777777776
5,1,8,12,0.16666666666666666,0.16666666666666666,0.0,0.0,0.16666666666666666,0.0,0.08333333333333333
5,2,1,5,0.2,0.0,0.0,0.0,0.0,0.0,0.0
5,2,2,5,0.2,0.2,0.0,0.0,0.0,0.0,0.0
5,2,5,5,0.2,0.2,0.0,0.0,0.0,0.0,0.0
5,2,6,5,0.2,0.2,0.0,0.0,0.0,0.0,0.0
5,4,1,37,0.1891891891891892,0.21621621621621623,0.10810810810810811,0.0,0.13513513513513514,0.0,0.02702702702702703
5,4,2,57,0.17543859649122806,0.17543859649122806,0.12280701754385964,0.0,0.14035087719298245,0.0,0.017543859649122806
5,4,3,72,0.20833333333333334,0.18055555555555555,0.1111111111111111,0.0,0.1527777777777778,0.0,0.013888888888888888
5,4,4,62,0.1935483870967742,0.1935483870967742,0.11290322580645161,0.0,0.14516129032258066,0.0,0.0
5,4,5,57,0.21052631578947367,0.19298245614035087,0.10526315789473684,0.0,0.17543859649122806,0.0,0.017543859649122806
5,4,6,53,0.2641509433962264,0.24528301886792453,0.07547169811320754,0.0,0.1320754716981132,0.0,0.0
5,4,7,15,0.13333333333333333,0.2,0.13333333333333333,0.0,0.13333333333333333,0.0,0.0
5,5,3,4,0.5,0.75,0.5,0.0,0.25,0.0,0.25
5,5,4,5,0.4,0.4,0.4,0.0,0.4,0.0,0.2
5,5,5,3,0.3333333333333333,0.3333333333333333,0.3333333333333333,0.0,0.3333333333333333,0.0,0.0
5,5,6,3,0.3333333333333333,0.3333333333333333,0.3333333333333333,0.0,0.3333333333333333,0.0,0.0
5,6,2,4,0.25,0.25,0.25,0.0,0.0,0.0,0.0
5,6,3,4,0.25,0.25,0.25,0.0,0.0,0.0,0.0
5,6,4,4,0.25,0.25,0.25,0.0,0.25,0.0,0.0
5,6,5,4,0.25,0.25,0.25,0.0,0.25,0.0,0.0
6,1,1,2078,0.1333012512030799,0.1482194417709336,0.11164581328200192,0.025024061597690085,0.11982675649663138,0.0052935514918190565,0.11116458132820019
6,1,2,2131,0.1290473955889254,0.15251055842327546,0.10933833880807133,0.02721726888784608,0.12013139371187236,0.006100422336931018,0.11168465509150634
6,1,3,2122,0.13100848256361922,0.14891611687087652,0.11215834118755891,0.02544769085768143,0.12016965127238455,0.00471253534401508,0.11310084825636192
6,1,4,2019,0.13224368499257058,0.14413075780089152,0.11292719167904904,0.02773650321941555,0.12431896978702328,0.005448241703813769,0.11292719167904904
6,1,5,2137,0.13289658399625642,0.14787084698175013,0.114646700982686,0.029948525970987367,0.12774918109499298,0.0070191857744501636,0.11651848385587271
6,1,6,2037,0.13696612665684832,0.14531173294059893,0.11585665193912617,0.03043691703485518,0.12812960235640647,0.006381934216985763,0.11634756995581738
6,1,7,614,0.10749185667752444,0.10912052117263844,0.09283387622149837,0.030944625407166124,0.09771986970684039,0.003257328990228013,0.09446254071661238
6,1,8,112,0.08035714285714286,0.09821428571428571,0.08928571428571429,0.03571428571428571,0.08035714285714286,0.0,0.08035714285714286
6,1,9,13,0.07692307692307693,0.07692307692307693,0.07692307692307693,0.07692307692307693,0.07692307692307693,0.0,0.07692307692307693
6,2,1,124,0.1532258064516129,0.1774193548387097,0.14516129032258066,0.016129032258064516,0.1532258064516129,0.016129032258064516,0.12096774193548387
6,2,2,108,0.16666666666666666,0.18518518518518517,0.1388888888888889,0.009259259259259259,0.16666666666666666,0.009259259259259259,0.1388888888888889
6,2,3,103,0.17475728155339806,0.17475728155339806,0.14563106796116504,0.019417475728155338,0.1553398058252427,0.019417475728155338,0.10679611650485436
6,2,4,105,0.18095238095238095,0.19047619047619047,0.1523809523809524,0.009523809523809525,0.19047619047619047,0.009523809523809525,0.14285714285714285
6,2,5,109,0.14678899082568808,0.1834862385321101,0.12844036697247707,0.009174311926605505,0.1651376146788991,0.009174311926605505,0.11926605504587157
6,2,6,102,0.1568627450980392,0.16666666666666666,0.12745098039215685,0.00980392156862745,0.1568627450980392,0.00980392156862745,0.12745098039215685
6,2,7,31,0.22580645161290322,0.1935483870967742,0.1935483870967742,0.0967741935483871,0.16129032258064516,0.06451612903225806,0.16129032258064516
6,2,8,17,0.11764705882352941,0.17647058823529413,0.17647058823529413,0.058823529411764705,0.11764705882352941,0.058823529411764705,0.11764705882352941
6,2,9,5,0.2,0.2,0.2,0.0,0.4,0.0,0.2
6,4,1,1342,0.12518628912071536,0.13412816691505217,0.09463487332339791,0.02459016393442623,0.09985096870342772,0.007451564828614009,0.09388971684053651
6,4,2,1371,0.12399708242159008,0.13420860685630925,0.10138584974471189,0.023340627279358133,0.10284463894967177,0.007293946024799417,0.09700948212983224
6,4,3,1385,0.1256317689530686,0.1299638989169675,0.1003610108303249,0.02454873646209386,0.10180505415162455,0.007942238267148015,0.09458483754512635
6,4,4,1380,0.1246376811594203,0.13333333333333333,0.09782608695652174,0.02391304347826087,0.10434782608695652,0.006521739130434782,0.09492753623188406
6,4,5,1367,0.12143379663496708,0.1302121433796635,0.09729334308705194,0.023408924652523776,0.09948792977322604,0.008046817849305048,0.09656181419166057
6,4,6,1379,0.116751269035533,0.1414068165337201,0.09934735315445975,0.02102973168963017,0.10514865844815083,0.006526468455402465,0.09644670050761421
6,4,7,400,0.0925,0.12,0.0825,0.02,0.0825,0.0075,0.0725
6,4,8,76,0.07894736842105263,0.10526315789473684,0.07894736842105263,0.02631578947368421,0.07894736842105263,0.0,0.07894736842105263
6,4,9,20,0.1,0.1,0.1,0.05,0.1,0.0,0.1
6,5,1,317,0.15772870662460567,0.17350157728706625,0.12933753943217666,0.03785488958990536,0.14826498422712933,0.015772870662460567,0.12933753943217666
6,5,2,307,0.16938110749185667,0.16938110749185667,0.13029315960912052,0.03257328990228013,0.1465798045602606,0.016286644951140065,0.13029315960912052
6,5,3,315,0.15555555555555556,0.1746031746031746,0.12380952380952381,0.025396825396825397,0.14603174603174604,0.012698412698412698,0.13015873015873017
6,5,4,310,0.16129032258064516,0.16451612903225807,0.12580645161290321,0.03225806451612903,0.14516129032258066,0.012903225806451613,0.11935483870967742
6,5,5,308,0.16558441558441558,0.16558441558441558,0.1331168831168831,0.025974025974025976,0.15584415584415584,0.00974025974025974,0.12337662337662338
6,5,6,315,0.1492063492063492,0.16825396825396827,0.12698412698412698,0.02857142857142857,0.14285714285714285,0.012698412698412698,0.12063492063492064
6,5,7,71,0.16901408450704225,0.14084507042253522,0.16901408450704225,0.04225352112676056,0.14084507042253522,0.028169014084507043,0.11267605633802817
6,5,8,23,0.13043478260869565,0.13043478260869565,0.08695652173913043,0.043478260869565216,0.13043478260869565,0.0,0.043478260869565216
