batsmen,bowler,balls,wickets
0,1,2320,0.21952564809707667
0,2,115,0.009656652360515022
0,4,1340,0.11976369495166488
0,5,393,0.0358814352574103
0,6,2,0.0005509641873278236
1,1,8,0.0016034206306787815
1,4,7,0.0017152658662092624
1,5,3,0.009900990099009901
2,1,1487,17.23076923076923
2,2,99,0.16129032258064516
2,4,924,1.4285714285714286
2,5,260,0.37962962962962965
2,6,6,0.011111111111111112
3,5,2,0.0
4,1,45,0.13131313131313133
4,2,4,0.029411764705882353
4,4,33,0.6
4,5,12,0.0048216007714561235
5,1,170,0.03485254691689008
5,2,5,0.0009398496240601503
5,4,85,0.014746543778801843
5,5,7,0.004646840148698885
5,6,4,0.0009267840593141798
6,1,2477,1.0471698113207548
6,2,146,1.2777777777777777
6,4,1571,0.6749116607773852
6,5,395,0.22039473684210525
